73
623
793
458
709
198
395
622
970
343
75
7
61
40
892
307
412
807
706
931
953
62
461
410
365
15
802
710
684
352
246
913
636
990
767
759
328
474
825
353
765
991
990
947
547
706
229
193
128
550
3
636
66
503
59
150
614
438
434
344
659
534
809
367
858
771
106
962
208
462
762
748
126
384
966
704
825
633
634
698
661
112
25
649
267
405
552
557
493
578
836
239
259
726
495
301
478
953
774
653
469
614
369
74
311
382
909
70
278
404
824
974
377
363
285
466
701
477
624
21
937
219
604
90
627
697
605
52
597
962
903
469
588
272
295
621
900
24
574
932
350
308
438
672
547
749
869
866
511
40
547
132
424
102
725
298
116
719
352
211
820
414
689
30
310
593
7
727
259
310
429
841
579
668
850
283
758
673
667
314
760
374
347
822
497
700
851
789
991
536
711
63
798
573
190
153
592
256
482
742
939
69
149
831
152
123
774
252
933
652
882
656
981
750
927
646
67
435
819
795
215
234
992
63
526
962
730
728
687
974
259
420
483
827
368
168
629
217
83
255
500
689
592
556
747
249
762
891
873
69
591
81
151
432
233
269
402
497
520
79
340
948
410
461
511
538
443
727
302
402
599
23
823
16
502
890
25
421
652
45
783
401
828
237
724
536
974
752
688
4
115
891
391
949
459
691
537
593
900
640
750
181
771
902
646
610
644
958
490
14
524
278
609
995
456
815
987
108
561
928
242
236
401
270
850
190
511
942
404
904
891
878
381
288
282
737
60
709
890
902
539
945
175
630
103
549
408
760
796
714
557
352
135
816
812
707
305
996
19
420
678
132
775
858
151
737
305
447
773
348
571
910
738
321
558
221
351
367
212
77
769
809
126
148
288
573
850
160
276
634
615
507
748
223
755
745
674
378
688
272
608
206
47
323
612
590
966
673
802
18
8
840
588
513
642
367
333
247
7
926
247
920
281
809
67
325
10
782
750
235
434
941
375
426
804
124
478
817
948
781
135
972
466
336
856
500
586
708
784
992
829
121
775
997
419
536
526
395
631
345
197
766
607
892
213
399
50
339
15
850
863
448
258
387
385
665
260
974
433
796
281
280
996
146
18
665
817
632
287
345
593
904
892
400
383
495
268
214
269
261
186
765
77
756
199
620
119
703
315
665
771
150
596
340
697
969
21
213
857
557
149
573
810
346
656
308
528
812
679
912
748
249
268
67
817
699
96
615
217
695
687
294
136
411
374
239
65
349
149
46
909
65
349
935
290
106
874
477
18
640
973
307
340
58
878
389
472
182
9
773
512
560
424
565
732
974
549
212
45
855
811
328
785
169
271
507
135
488
11
833
662
175
472
524
561
924
602
358
423
659
682
685
567
299
766
452
18
685
278
215
769
517
707
262
339
279
256
483
553
945
607
566
777
986
205
345
174
64
537
63
699
680
465
40
353
270
350
912
813
789
198
144
862
852
965
644
884
219
435
862
165
208
979
195
164
454
957
86
372
43
176
225
764
915
767
820
637
588
7
937
930
146
148
167
791
513
56
217
762
753
654
921
724
639
66
494
308
521
974
552
765
313
868
912
173
253
447
170
390
953
830
176
350
913
341
997
49
490
434
911
277
83
896
117
22
967
540
843
305
728
234
965
536
159
255
249
47
296
985
160
283
5
930
617
506
985
329
225
603
836
947
431
179
618
833
539
37
690
527
38
812
603
743
253
164
237
250
473
91
450
245
112
332
324
551
82
316
126
164
359
384
892
721
238
404
530
378
543
126
360
699
438
336
574
811
380
7
69
478
680
227
472
376
566
241
708
410
202
560
185
103
347
657
475
451
895
981
444
100
601
213
723
182
236
807
707
387
217
878
247
245
166
694
278
798
822
138
477
663
377
655
71
35
807
548
258
246
732
236
319
931
998
251
79
809
168
734
171
879
259
254
156
141
798
202
831
601
846
458
799
329
548
960
300
615
752
916
199
589
487
83
883
839
114
929
442
459
224
699
260
911
579
644
689
807
693
400
649
178
58
578
283
475
993
673
70
703
672
867
88
996
854
57
884
593
934
824
86
373
832
729
891
446
196
738
551
793
105
325
94
588
116
881
189
220
688
698
77
582
635
470
940
222
145
880
163
25
277
41
986
362
999
768
107
168
428
179
874
835
227
566
914
438
926
105
95
823
678
109
261
641
489
921
460
837
808
837
920
211
958
902
856
483
84
52
895
765
168
710
790
868
851
517
296
401
32
822
869
862
748
608
342
357
681
303
13
323
541
722
400
217
112
806
665
94
953
322
64
214
392
251
12
318
562
239
777
354
576
274
212
184
508
328
716
459
510
35
792
884
132
634
560
759
868
688
411
850
281
348
71
725
441
373
244
554
7
561
205
266
281
478
447
834
170
867
978
884
586
681
431
358
409
798
937
811
516
683
569
271
504
194
749
452
63
675
660
604
21
393
791
947
930
361
577
650
115
384
732
749
686
524
177
698
944
573
409
985
814
531
513
322
404
760
394
845
760
691
945
589
837
864
413
650
851
437
509
671
154
248
241
36
707
415
475
956
228
310
43
230
10
219
566
907
64
469
550
328
818
525
979
451
350
824
446
212
756
59
557
810
500
957
32
322
822
837
964
997
114
326
455
927
707
310
954
111
300
853
48
329
340
775
432
975
305
380
23
610
328
547
22
509
794
527
574
640
883
92
490
830
759
658
459
901
84
176
691
787
832
482
720
341
296
199
41
952
575
629
288
261
169
137
539
712
429
572
59
471
598
482
644
5
217
927
157
192
700
914
246
146
709
545
12
531
165
861
209
469
555
544
310
549
681
625
262
658
715
339
633
282
510
538
886
431
412
16
157
925
798
882
680
554
323
384
806
291
811
675
825
703
914
733
721
404
764
302
783
106
771
422
483
452
139
52
930
673
741
496
885
126
603
890
826
231
474
168
864
711
701
243
505
893
538
871
651
406
612
52
182
785
121
497
363
799
612
518
886
706
840
846
51
482
341
690
370
682
266
228
532
547
133
764
842
181
500
366
266
786
240
980
844
932
294
582
252
619
83
915
820
421
350
429
848
393
36
333
687
156
751
364
843
148
833
134
950
512
454
775
814
329
285
873
470
911
768
690
737
248
530
638
821
218
217
684
550
