73
623
793
458
709
198
395
622
970
343
75
7
61
40
892
307
412
807
706
931
953
62
461
410
605
52
597
962
903
469
588
272
295
621
900
24
574
932
350
308
981
750
927
646
67
435
819
795
215
234
992
63
526
962
730
728
687
974
259
420
483
827
368
168
629
217
83
255
500
689
592
556
747
249
762
891
873
69
591
81
151
432
233
269
402
497
520
79
340
948
410
461
511
538
443
727
302
402
599
23
823
16
502
890
25
421
652
45
783
401
828
237
724
536
987
108
561
928
242
236
401
270
850
190
511
942
404
904
891
878
381
288
282
737
60
709
890
902
539
945
175
630
103
549
408
760
796
714
557
352
135
816
812
707
305
996
19
420
678
132
775
858
151
737
305
447
773
348
571
910
351
367
212
77
769
809
126
148
288
573
850
160
276
634
615
507
748
223
755
745
674
378
688
272
608
206
47
323
612
590
966
673
802
18
8
840
588
513
186
765
77
756
199
620
119
703
315
665
771
150
596
340
256
483
553
945
607
566
777
986
205
345
174
64
537
63
699
680
465
40
353
270
350
912
813
789
198
144
862
852
965
644
884
219
435
862
165
208
979
195
164
454
957
86
372
43
176
225
764
915
767
820
637
588
7
937
930
146
148
167
791
513
56
217
762
753
654
921
724
639
66
494
308
521
974
552
765
313
868
912
173
253
447
170
390
953
830
176
350
913
341
997
49
490
434
911
277
83
896
117
22
967
540
843
305
728
234
965
536
159
255
249
47
296
329
225
378
543
126
360
699
438
336
574
811
380
7
69
478
680
227
472
376
566
241
708
410
202
560
185
103
347
657
475
387
217
878
247
245
166
694
278
798
822
138
477
663
377
655
71
35
807
548
258
578
283
475
993
673
70
703
672
867
88
996
854
57
884
593
934
824
86
373
832
729
891
446
196
738
551
793
105
325
94
588
116
698
77
582
635
470
940
222
145
880
163
25
277
41
986
362
999
768
107
168
428
179
874
835
227
566
914
438
926
105
95
823
678
109
261
641
489
921
460
837
808
837
920
211
958
902
856
483
84
52
895
328
716
459
510
760
394
845
760
691
945
589
837
864
413
650
851
437
509
671
154
248
241
36
707
415
475
956
228
310
43
230
10
219
566
525
979
451
350
824
446
212
756
59
557
810
500
957
32
322
822
837
964
997
114
326
455
927
707
310
954
329
340
775
432
975
305
509
794
527
574
640
883
92
490
830
759
658
459
901
84
176
691
787
832
482
720
341
296
199
41
952
575
629
288
261
169
137
539
712
429
572
59
471
598
482
644
5
217
927
157
192
700
914
246
146
709
545
12
531
165
861
209
469
555
544
310
549
681
625
262
658
715
673
741
